0,0.06516591224,0.007116739986,0.03006962764
7.011462512e-05,0.06516591224,0.007186854611,0.03169906798
0.0001402292502,0.06516591224,0.007256969236,0.03387523431
0.0002103438754,0.06516591224,0.007327083861,0.03686883024
0.0002804585005,0.06516591224,0.007397198487,0.04032379787
0.0003505731256,0.06516591224,0.007467313112,0.04363334039
0.0004206877507,0.06516591224,0.007537427737,0.04688263851
0.0004908023758,0.06516591224,0.007607542362,0.05013193664
0.0005609170009,0.06516591224,0.007677656987,0.05338123477
0.0006310316261,0.06516591224,0.007747771612,0.0566305329
0.0007011462512,0.06516591224,0.007817886237,0.05987983103
0.0007712608763,0.06516591224,0.007888000862,0.06312912916
0.0008413755014,0.06516591224,0.007958115487,0.06637842729
0.0009114901265,0.06516591224,0.008028230113,0.06962772542
0.0009816047517,0.06516591224,0.008098344738,0.07287702355
0.001051719377,0.06516591224,0.008168459363,0.07612632167
0.001121834002,0.06516591224,0.008238573988,0.0793756198
0.001191948627,0.06516591224,0.008308688613,0.08262491793
0.001262063252,0.06516591224,0.008378803238,0.0887185346
0.001332177877,0.06516591224,0.008448917863,0.0943244012
0.001402292502,0.06516591224,0.008519032488,0.08707757001
0.001472407127,0.06516591224,0.008589147114,0.06897894853
0.001542521753,0.06516591224,0.008659261739,0.03481910834
0.001612636378,0.06516591224,0.008729376364,-0.02542741388
0.001682751003,0.06516591224,0.008799490989,-0.1050416061
0.001752865628,0.06516591224,0.008869605614,-0.1824476058
0.001822980253,0.06516591224,0.008939720239,-0.2564461889
0.001893094878,0.06516591224,0.009009834864,-0.330444772
0.001963209503,0.06516591224,0.009079949489,-0.4044433551
0.002033324128,0.06516591224,0.009150064114,-0.4784419382
0.002103438754,0.06516591224,0.00922017874,-0.5524405212
0.002173553379,0.06516591224,0.009290293365,-0.6264391043
0.002243668004,0.06516591224,0.00936040799,-0.7004376874
0.002313782629,0.06516591224,0.009430522615,-0.7744362705
0.002383897254,0.06516591224,0.00950063724,-0.8484348536
0.002454011879,0.06516591224,0.009570751865,-0.9224334367
0.002524126504,0.06516591224,0.00964086649,-0.9964320198
0.002594241129,0.06516591224,0.009710981115,-1.070430603
0.002664355754,0.06516591224,0.009781095741,-1.143396281
0.00273447038,0.06516591224,0.009851210366,-1.215520654
0.002804585005,0.06516591224,0.009921324991,-1.29362993
0.00287469963,0.06516591224,0.009991439616,-1.377616302
0.002944814255,0.06516591224,0.01006155424,-1.469675808
0.00301492888,0.06516591224,0.01013166887,-1.576354917
0.003085043505,0.06516591224,0.01020178349,-1.696631584
0.00315515813,0.06516591224,0.01027189812,-1.817699326
0.003225272755,0.06516591224,0.01034201274,-1.935837535
0.003295387381,0.06516591224,0.01041212737,-2.053975745
0.003365502006,0.06516591224,0.01048224199,-2.172113955
0.003435616631,0.06516591224,0.01055235662,-2.290252164
0.003505731256,0.06516591224,0.01062247124,-2.408390374
0.003575845881,0.06516591224,0.01069258587,-2.526528584
0.003645960506,0.06516591224,0.01076270049,-2.644666794
0.003716075131,0.06516591224,0.01083281512,-2.762805003
0.003786189756,0.06516591224,0.01090292974,-2.880943213
0.003856304382,0.06516591224,0.01097304437,-2.999081423
0.003926419007,0.06516591224,0.01104315899,-3.117219633
0.003996533632,0.06516591224,0.01111327362,-3.235357842
0.004066648257,0.06516591224,0.01118338824,-3.347967572
0.004136762882,0.06516591224,0.01125350287,-3.445159619
0.004206877507,0.06516591224,0.01132361749,-3.586932331
0.004276992132,0.06516591224,0.01139373212,-3.78826537
0.004347106757,0.06516591224,0.01146384674,-4.056558242
0.004417221382,0.06516591224,0.01153396137,-4.466056867
0.004487336008,0.06516591224,0.01160407599,-5.035789196
0.004557450633,0.06516591224,0.01167419062,-5.640314521
0.004627565258,0.06516591224,0.01174430524,-6.205756686
0.004697679883,0.06516591224,0.01181441987,-6.770755422
0.004767794508,0.06516591224,0.01188453449,-7.335754159
0.004837909133,0.06516591224,0.01195464912,-7.900752895
0.004908023758,0.06516591224,0.01202476374,-8.465751631
0.004978138383,0.06516591224,0.01209487837,-9.030750368
0.005048253009,0.06516591224,0.01216499299,-9.595749104
0.005118367634,0.06516591224,0.01223510762,-10.16074784
0.005188482259,0.06516591224,0.01230522224,-10.72574658
0.005258596884,0.06516591224,0.01237533687,-11.29074531
0.005328711509,0.06516591224,0.0124454515,-11.85574405
0.005398826134,0.06516591224,0.01251556612,-12.42074279
0.005468940759,0.06516591224,0.01258568075,-12.98609719
0.005539055384,0.06516591224,0.01265579537,-13.55459258
0.005609170009,0.06516591224,0.01272591,-14.11802648
0.005679284635,0.06516591224,0.01279602462,-14.67123145
0.00574939926,0.06516591224,0.01286613925,-15.21543977
0.005819513885,0.06516591224,0.01293625387,-15.73689349
0.00588962851,0.06516591224,0.0130063685,-16.22735364
0.005959743135,0.06516591224,0.01307648312,-16.70665658
0.00602985776,0.06516591224,0.01314659775,-17.19309603
0.006099972385,0.06516591224,0.01321671237,-17.68028347
0.00617008701,0.06516591224,0.013286827,-18.16747092
0.006240201636,0.06516591224,0.01335694162,-18.65465836
0.006310316261,0.06516591224,0.01342705625,-19.14184581
0.006380430886,0.06516591224,0.01349717087,-19.62903325
0.006450545511,0.06516591224,0.0135672855,-20.1162207
0.006520660136,0.06516591224,0.01363740012,-20.60340814
0.006590774761,0.06516591224,0.01370751475,-21.09059558
0.006660889386,0.06516591224,0.01377762937,-21.57778303
0.006731004011,0.06516591224,0.013847744,-22.06497047
0.006801118636,0.06516591224,0.01391785862,-22.55215792
0.006871233262,0.06516591224,0.01398797325,-23.03959933
0.006941347887,0.06516591224,0.01405808787,-23.54494789
0.007011462512,0.06516591224,0.0141282025,-24.03376084
0.007081577137,0.06516591224,0.01419831712,-24.46327288
0.007151691762,0.06516591224,0.01426843175,-24.85204851
0.007221806387,0.06516591224,0.01433854637,-25.11517183
0.007291921012,0.06516591224,0.014408661,-25.17558499
0.007362035637,0.06516591224,0.01447877562,-25.13376085
0.007432150263,0.06516591224,0.01454889025,-25.12866052
0.007502264888,0.06516591224,0.01461900487,-25.13594791
0.007572379513,0.06516591224,0.0146891195,-25.1432353
0.007642494138,0.06516591224,0.01475923412,-25.15052269
0.007712608763,0.06516591224,0.01482934875,-25.15781008
0.007782723388,0.06516591224,0.01489946337,-25.16509747
0.007852838013,0.06516591224,0.014969578,-25.17238486
0.007922952638,0.06516591224,0.01503969262,-25.17967225
0.007993067263,0.06516591224,0.01510980725,-25.18695964
0.008063181889,0.06516591224,0.01517992187,-25.19424703
0.008133296514,0.06516591224,0.0152500365,-25.20153442
0.008203411139,0.06516591224,0.01532015112,-25.20882181
0.008273525764,0.06516591224,0.01539026575,-25.2161092
0.008343640389,0.06516591224,0.01546038038,-25.23381914
0.008413755014,0.06516591224,0.015530495,-25.24829397
0.008483869639,0.06516591224,0.01560060963,-25.22046165
0.008553984264,0.06516591224,0.01567072425,-25.16960953
0.00862409889,0.06516591224,0.01574083888,-25.03268069
0.008694213515,0.06516591224,0.0158109535,-24.73221173
0.00876432814,0.06516591224,0.01588106813,-24.32256661
0.008834442765,0.06516591224,0.01595118275,-23.92917916
0.00890455739,0.06516591224,0.01602129738,-23.55406064
0.008974672015,0.06516591224,0.016091412,-23.17894212
0.00904478664,0.06516591224,0.01616152663,-22.80382359
0.009114901265,0.06516591224,0.01623164125,-22.42870507
0.009185015891,0.06516591224,0.01630175588,-22.05358655
0.009255130516,0.06516591224,0.0163718705,-21.67846802
0.009325245141,0.06516591224,0.01644198513,-21.3033495
0.009395359766,0.06516591224,0.01651209975,-20.92823098
0.009465474391,0.06516591224,0.01658221438,-20.55311245
0.009535589016,0.06516591224,0.016652329,-20.17799393
0.009605703641,0.06516591224,0.01672244363,-19.80287541
0.009675818266,0.06516591224,0.01679255825,-19.42775688
0.009745932891,0.06516591224,0.01686267288,-19.05309925
0.009816047517,0.06516591224,0.0169327875,-18.67870959
0.009886162142,0.06516591224,0.01700290213,-18.30184421
0.009956276767,0.06516591224,0.01707301675,-17.92377667
0.01002639139,0.06516591224,0.01714313138,-17.54089802
0.01009650602,0.06516591224,0.017213246,-17.14687191
0.01016662064,0.06516591224,0.01728336063,-16.74335263
0.01023673527,0.06516591224,0.01735347525,-16.33958298
0.01030684989,0.06516591224,0.01742358988,-15.93777175
0.01037696452,0.06516591224,0.0174937045,-15.53596052
0.01044707914,0.06516591224,0.01756381913,-15.13414928
0.01051719377,0.06516591224,0.01763393375,-14.73233805
0.01058730839,0.06516591224,0.01770404838,-14.33052682
0.01065742302,0.06516591224,0.017774163,-13.92871559
0.01072753764,0.06516591224,0.01784427763,-13.52690435
0.01079765227,0.06516591224,0.01791439225,-13.12509312
0.01086776689,0.06516591224,0.01798450688,-12.72328189
0.01093788152,0.06516591224,0.0180546215,-12.32147066
0.01100799614,0.06516591224,0.01812473613,-11.91965943
0.01107811077,0.06516591224,0.01819485075,-11.51784819
0.01114822539,0.06516591224,0.01826496538,-11.11421236
0.01121834002,0.06516591224,0.01833508,-10.70643691
0.01128845464,0.06516591224,0.01840519463,-10.31234736
0.01135856927,0.06516591224,0.01847530926,-9.926933915
0.01142868389,0.06516591224,0.01854542388,-9.566705517
0.01149879852,0.06516591224,0.01861553851,-9.284331267
0.01156891314,0.06516591224,0.01868565313,-9.085012371
0.01163902777,0.06516591224,0.01875576776,-8.901048596
0.01170914239,0.06516591224,0.01882588238,-8.697401791
0.01177925702,0.06516591224,0.01889599701,-8.493675621
0.01184937165,0.06516591224,0.01896611163,-8.289949451
0.01191948627,0.06516591224,0.01903622626,-8.086223281
0.0119896009,0.06516591224,0.01910634088,-7.88249711
0.01205971552,0.06516591224,0.01917645551,-7.67877094
0.01212983015,0.06516591224,0.01924657013,-7.47504477
0.01219994477,0.06516591224,0.01931668476,-7.2713186
0.0122700594,0.06516591224,0.01938679938,-7.06759243
0.01234017402,0.06516591224,0.01945691401,-6.863866259
0.01241028865,0.06516591224,0.01952702863,-6.660140089
0.01248040327,0.06516591224,0.01959714326,-6.456413919
0.0125505179,0.06516591224,0.01966725788,-6.252442979
0.01262063252,0.06516591224,0.01973737251,-6.046779177
0.01269074715,0.06516591224,0.01980748713,-5.844137398
0.01276086177,0.06516591224,0.01987760176,-5.644842872
0.0128309764,0.06516591224,0.01994771638,-5.450472427
0.01290109102,0.06516591224,0.02001783101,-5.280343645
0.01297120565,0.06516591224,0.02008794563,-5.142381895
0.01304132027,0.06516591224,0.02015806026,-5.014856588
0.0131114349,0.06516591224,0.02022817488,-4.879945871
0.01318154952,0.06516591224,0.02029828951,-4.744448789
0.01325166415,0.06516591224,0.02036840413,-4.608951707
0.01332177877,0.06516591224,0.02043851876,-4.473454625
0.0133918934,0.06516591224,0.02050863338,-4.337957543
0.01346200802,0.06516591224,0.02057874801,-4.202460461
0.01353212265,0.06516591224,0.02064886263,-4.066963379
0.01360223727,0.06516591224,0.02071897726,-3.931466297
0.0136723519,0.06516591224,0.02078909188,-3.795969215
0.01374246652,0.06516591224,0.02085920651,-3.660472133
0.01381258115,0.06516591224,0.02092932113,-3.524975051
0.01388269577,0.06516591224,0.02099943576,-3.389477968
0.0139528104,0.06516591224,0.02106955038,-3.253955564
0.01402292502,0.06516591224,0.02113966501,-3.117451462
0.01409303965,0.06516591224,0.02120977963,-2.981965222
0.01416315427,0.06516591224,0.02127989426,-2.848685611
0.0142332689,0.06516591224,0.02135000889,-2.716407903
0.01430338352,0.06516591224,0.02142012351,-2.597349901
0.01437349815,0.06516591224,0.02149023814,-2.500110153
0.01444361277,0.06516591224,0.02156035276,-2.412892001
0.0145137274,0.06516591224,0.02163046739,-2.321609769
0.01458384202,0.06516591224,0.02170058201,-2.22921085
0.01465395665,0.06516591224,0.02177069664,-2.136811931
0.01472407127,0.06516591224,0.02184081126,-2.044413011
0.0147941859,0.06516591224,0.02191092589,-1.952014092
0.01486430053,0.06516591224,0.02198104051,-1.859615172
0.01493441515,0.06516591224,0.02205115514,-1.767216253
0.01500452978,0.06516591224,0.02212126976,-1.674817334
0.0150746444,0.06516591224,0.02219138439,-1.582418414
0.01514475903,0.06516591224,0.02226149901,-1.490019495
0.01521487365,0.06516591224,0.02233161364,-1.397620575
0.01528498828,0.06516591224,0.02240172826,-1.305221656
0.0153551029,0.06516591224,0.02247184289,-1.212822737
0.01542521753,0.06516591224,0.02254195751,-1.119104099
0.01549533215,0.06516591224,0.02261207214,-1.025965479
0.01556544678,0.06516591224,0.02268218676,-0.9368931565
0.0156355614,0.06516591224,0.02275230139,-0.8465214485
0.01570567603,0.06516591224,0.02282241601,-0.7764014315
0.01577579065,0.06516591224,0.02289253064,-0.7482054294
0.01584590528,0.06516591224,0.02296264526,-0.7455757912
0.0159160199,0.06516591224,0.02303275989,-0.7382098905
0.01598613453,0.06516591224,0.02310287451,-0.7267800492
0.01605624915,0.06516591224,0.02317298914,-0.7153502078
0.01612636378,0.06516591224,0.02324310376,-0.7039203665
0.0161964784,0.06516591224,0.02331321839,-0.6924905252
0.01626659303,0.06516591224,0.02338333301,-0.6810606838
0.01633670765,0.06516591224,0.02345344764,-0.6696308425
0.01640682228,0.06516591224,0.02352356226,-0.6582010012
0.0164769369,0.06516591224,0.02359367689,-0.6467711598
0.01654705153,0.06516591224,0.02366379151,-0.6353413185
0.01661716615,0.06516591224,0.02373390614,-0.6239114772
0.01668728078,0.06516591224,0.02380402076,-0.6124816358
0.0167573954,0.06516591224,0.02387413539,-0.6010517945
0.01682751003,0.06516591224,0.02394425001,-0.5895774492
0.01689762465,0.06516591224,0.02401436464,-0.5780864548
0.01696773928,0.06516591224,0.02408447926,-0.5668008157
0.0170378539,0.06516591224,0.02415459389,-0.555327905
0.01710796853,0.06516591224,0.02422470851,-0.5446974765
0.01717808315,0.06516591224,0.02429482314,-0.5363690014
0.01724819778,0.06516591224,0.02436493777,-0.5298509192
0.0173183124,0.06516591224,0.02443505239,-0.5233232667
0.01738842703,0.06516591224,0.02450516702,-0.5164368118
0.01745854165,0.06516591224,0.02457528164,-0.5095503568
0.01752865628,0.06516591224,0.02464539627,-0.5026639018
0.0175987709,0.06516591224,0.02471551089,-0.4957774468
0.01766888553,0.06516591224,0.02478562552,-0.4888909918
0.01773900015,0.06516591224,0.02485574014,-0.4820045368
0.01780911478,0.06516591224,0.02492585477,-0.4751180818
0.01787922941,0.06516591224,0.02499596939,-0.4682316268
0.01794934403,0.06516591224,0.02506608402,-0.4613451718
0.01801945866,0.06516591224,0.02513619864,-0.4544587168
0.01808957328,0.06516591224,0.02520631327,-0.4475722618
0.01815968791,0.06516591224,0.02527642789,-0.4406858068
0.01822980253,0.06516591224,0.02534654252,-0.4337087881
0.01829991716,0.06516591224,0.02541665714,-0.4265655888
0.01837003178,0.06516591224,0.02548677177,-0.4200552734
0.01844014641,0.06516591224,0.02555688639,-0.4126804
0.01851026103,0.06516591224,0.02562700102,-0.4073815207
0.01858037566,0.06516591224,0.02569711564,-0.4108436211
0.01865049028,0.06516591224,0.02576723027,-0.4230788904
0.01872060491,0.06516591224,0.02583734489,-0.4366658998
0.01879071953,0.06516591224,0.02590745952,-0.4482339237
0.01886083416,0.06516591224,0.02597757414,-0.4598012482
0.01893094878,0.06516591224,0.02604768877,-0.4713685726
0.01900106341,0.06516591224,0.02611780339,-0.4829358971
0.01907117803,0.06516591224,0.02618791802,-0.4945032215
0.01914129266,0.06516591224,0.02625803264,-0.506070546
0.01921140728,0.06516591224,0.02632814727,-0.5176378705
0.01928152191,0.06516591224,0.02639826189,-0.5292051949
0.01935163653,0.06516591224,0.02646837652,-0.5407725194
0.01942175116,0.06516591224,0.02653849114,-0.5523398438
0.01949186578,0.06516591224,0.02660860577,-0.5639071683
0.01956198041,0.06516591224,0.02667872039,-0.5754744927
0.01963209503,0.06516591224,0.02674883502,-0.5871301424
0.01970220966,0.06516591224,0.02681894964,-0.599272456
0.01977232428,0.06516591224,0.02688906427,-0.6104498525
0.01984243891,0.06516591224,0.02695917889,-0.6234145345
0.01991255353,0.06516591224,0.02702929352,-0.6345993846
0.01998266816,0.06516591224,0.02709940814,-0.6248995852
0.02005278278,0.06516591224,0.02716952277,-0.5886017254
0.02012289741,0.06516591224,0.0272396374,-0.5445000013
0.02019301203,0.06516591224,0.02730975202,-0.5065121624
0.02026312666,0.06516591224,0.02737986665,-0.4688782016
0.02033324128,0.06516591224,0.02744998127,-0.4312442408
0.02040335591,0.06516591224,0.0275200959,-0.3936102801
0.02047347053,0.06516591224,0.02759021052,-0.3559763193
0.02054358516,0.06516591224,0.02766032515,-0.3183423585
0.02061369978,0.06516591224,0.02773043977,-0.2807083978
0.02068381441,0.06516591224,0.0278005544,-0.243074437
0.02075392904,0.06516591224,0.02787066902,-0.2054404762
0.02082404366,0.06516591224,0.02794078365,-0.1678065155
0.02089415829,0.06516591224,0.02801089827,-0.1301725547
0.02096427291,0.06516591224,0.0280810129,-0.09253859393
